neg.07 -0.058401927 0.1924261391 -0.2612790336 
IBD.50 -0.1329478346 0.1221420868 0.1739302441 
IBD.46 0.1344775597 0.0015028531 0.0191371087 
IBD.10 -0.1542111766 -0.029448684 0.0213423239 
neg.25 0.3430343153 -0.2158742287 0.0005420516 
neg.23 0.03557597 0.0120662537 0.0616798239 
neg.20 0.2555578894 -0.0519233952 0.0695093566 
neg.22 -0.066920261 -0.1664860574 0.017994282 
neg.17 -0.0626551973 0.1200828199 -0.0268650506 
IBD.3 -0.0942414498 0.0377813105 0.0659047076 
neg.18 0.0803130455 0.0575257707 0.1174944241 
neg.04 -0.0522928321 0.0039453609 0.0712737523 
neg.12 -0.1920572965 -0.1635428977 -0.0016129058 
IBD.51 -0.0287000738 0.2395555003 0.0633898898 
IBD.34 0.1674452768 0.1161381713 0.2003423399 
IBD.29 0.1073919121 -0.0044244118 0.1189364905 
IBD.48 -0.340186603 -0.3160876709 -0.0433352134 
IBD.60 -0.412080303 -0.4088958452 -0.0679557411 
IBD.30 -0.1819213138 -0.0898542362 -0.0104041804 
IBD.18 -0.2701380194 -0.2344435768 -0.0436724182 
IBD.73 -0.3257522763 -0.3206925876 -0.0310142833 
IBD.37 -0.2875062453 -0.2396834474 -0.037982756 
neg.01 0.0508832533 -0.0393436216 0.0454991601 
IBD.31 0.2579085606 -0.1388239428 -0.0557570857 
neg.14 -0.081576153 -0.011688254 0.0752145526 
IBD.38 -0.3357135692 -0.2918923385 -0.0667631723 
IBD.43 0.0561732436 0.1734548017 -0.4637303611 
neg.13 0.0971020262 0.0640494848 -0.0077237173 
IBD.61 -0.0924011489 0.1713696954 0.1241223902 
neg.03 0.0496183091 0.1040177562 0.0271665105 
IBD.22 -0.0854646058 0.1886583415 0.0070177936 
neg.08 0.2997045502 -0.1651155154 -0.0136300492 
IBD.36 -0.0991196213 0.2716586794 0.2702810154 
neg.27 0.0393697378 0.1357809653 -0.1964353652 
IBD.4 -0.0793052967 0.2718356764 0.2449483406 
neg.16 0.1977431259 -0.0330062943 0.0895777511 
neg.06 0.2573797885 -0.1185371447 0.0341860813 
IBD.8 0.4901120753 -0.2304548802 -0.0173568262 
IBD.33 -0.1407973686 0.0632624134 0.0884507856 
neg.15 0.0954575241 0.1414132296 -0.2623130871 
IBD.40 0.1068675618 0.05692864 -0.0912053749 
neg.11 -0.1038804852 0.1926830479 0.0918991375 
IBD.2 -0.1386987849 0.200890635 0.2152255805 
IBD.70 0.0343196966 -0.0798643296 0.0307057718 
neg.19 0.3317662272 -0.138121291 0.0707451036 
neg.24 0.0177832399 0.0684600657 0.0698711238 
IBD.20 -0.0609089808 0.0021324 0.0339676082 
neg.21 -0.0515939303 0.1944556621 0.1553774004 
IBD.58 -0.1133449866 0.074916553 0.1179957215 
IBD.9 0.5489203089 -0.317417652 0.0121572642 
IBD.6 -0.26703639 -0.1399090863 0.0035799822 
neg.26 0.0909923736 0.0601339929 -0.078775088 
neg.02 -0.0800398323 0.2890199098 -0.4184898286 
IBD.68 -0.0190207565 0.1946031997 -0.3753111321 
neg.05 0.242836689 -0.063376215 -0.0421622059 
neg.09 0.0343223097 0.0894621869 -0.1620381292 
neg.10 -0.0141418508 0.096554001 -0.0336528646 